line
250 340 0 315 400 0
line
315 400 0 430 400 0
line
430 400 0 470 320 0
line
470 320 0 250 50 0
line
250 50 0 30 320 0
line
30 320 0 70 400 0
line
70 400 0 185 400 0
line
185 400 0 250 340 0
line
250 340 50 315 400 50
line
315 400 50 430 400 50
line
430 400 50 470 320 50
line
470 320 50 250 50 50
line
250 50 50 30 320 50
line
30 320 50 70 400 50
line
70 400 50 185 400 50
line
185 400 50 250 340 50
line
250 340 0 250 340 50
line
315 400 0 315 400 50
line
430 400 0 430 400 50
line
470 320 0 470 320 50
line
250 50 0 250 50 50
line
30 320 0 30 320 50
line
70 400 0 70 400 50
line
185 400 0 185 400 50
display
ident
rotate
z 40
rotate
x 10
rotate
y 25
apply
display
ident
move
200 -140 0
apply
display
save
pic.png
